#iter energy            energy_diff  abs_dens     rel_dens     abs_ev       rel_ev      
    1   -1.26619020E+03  1.26619E+03  6.57618E+00  2.19206E-01  2.44506E+01  4.65105E-02
    2   -1.18652046E+03  7.96697E+01  7.27948E-01  2.42649E-02  7.18433E+01  1.58295E-01
    3   -9.46223044E+02  2.40297E+02  2.57455E+00  8.58183E-02  1.34692E+02  4.22013E-01
    4   -1.06618720E+03  1.19964E+02  1.24208E+00  4.14026E-02  7.29702E+01  1.86084E-01
    5   -1.06000948E+03  6.17772E+00  1.68403E-01  5.61344E-03  1.04485E+01  2.73745E-02
    6   -1.02995351E+03  3.00560E+01  3.31031E-01  1.10344E-02  1.59292E+01  4.35512E-02
    7   -1.01841562E+03  1.15379E+01  1.36618E-01  4.55393E-03  4.68571E+00  1.29772E-02
    8   -1.02429005E+03  5.87443E+00  6.57520E-02  2.19173E-03  3.17139E+00  8.70676E-03
    9   -1.02883608E+03  4.54603E+00  4.96646E-02  1.65549E-03  2.25629E+00  6.15630E-03
   10   -1.02786082E+03  9.75259E-01  1.11232E-02  3.70774E-04  7.20238E-01  1.96905E-03
   11   -1.02655284E+03  1.30799E+00  1.31027E-02  4.36758E-04  7.22031E-01  1.97785E-03
   12   -1.02660787E+03  5.50381E-02  1.18245E-03  3.94151E-05  8.07786E-02  2.21227E-04
   13   -1.02674100E+03  1.33124E-01  1.37684E-03  4.58946E-05  7.80193E-02  2.13625E-04
   14   -1.02674700E+03  5.99773E-03  2.77199E-04  9.23996E-06  3.70715E-03  1.01506E-05
   15   -1.02674853E+03  1.53521E-03  9.08988E-05  3.02996E-06  1.44751E-03  3.96346E-06
   16   -1.02673597E+03  1.25628E-02  1.36106E-04  4.53685E-06  7.05678E-03  1.93227E-05
   17   -1.02673676E+03  7.92846E-04  2.56615E-05  8.55383E-07  6.64992E-04  1.82086E-06
   18   -1.02673783E+03  1.07348E-03  2.41869E-05  8.06229E-07  5.85737E-04  1.60384E-06
