 # Total force (x,y,z) Ion-Ion (x,y,z) VdW (x,y,z) Local (x,y,z) NL (x,y,z) Fields (x,y,z) Hubbard(x,y,z) SCF(x,y,z) NLCC(x,y,z) Phot (x,y,z)
   1         C   4.44194476E-13  -8.98244914E-01  -7.74070627E-12   0.00000000E+00   1.80283776E+02   0.00000000E+00   0.00000000E+00   0.00000000E+00   0.00000000E+00   4.36647827E-13  -1.76829425E+02  -7.73130684E-12   5.73937015E-16  -4.35264476E+00   7.20730860E-14   0.00000000E+00   0.00000000E+00   0.00000000E+00   0.00000000E+00   0.00000000E+00   0.00000000E+00   6.97271248E-15   4.85996256E-05  -8.14725199E-14   0.00000000E+00   0.00000000E+00   0.00000000E+00   0.00000000E+00   0.00000000E+00   0.00000000E+00
   2         C  -7.66919276E-01  -4.42272563E-01   3.75390466E-12   1.56174349E+02   9.01459143E+01   0.00000000E+00   0.00000000E+00   0.00000000E+00   0.00000000E+00  -1.53158856E+02  -8.84017099E+01   3.75998171E-12  -3.78245533E+00  -2.18650166E+00   4.26635585E-14   0.00000000E+00   0.00000000E+00   0.00000000E+00   0.00000000E+00   0.00000000E+00   0.00000000E+00   4.26678561E-05   2.47232919E-05  -4.87406132E-14   0.00000000E+00   0.00000000E+00   0.00000000E+00   0.00000000E+00   0.00000000E+00   0.00000000E+00
   3         C  -7.66919276E-01   4.42272563E-01  -6.33291378E-12   1.56174349E+02  -9.01459143E+01   0.00000000E+00   0.00000000E+00   0.00000000E+00   0.00000000E+00  -1.53158856E+02   8.84017099E+01  -6.37148680E-12  -3.78245533E+00   2.18650166E+00   6.96049822E-14   0.00000000E+00   0.00000000E+00   0.00000000E+00   0.00000000E+00   0.00000000E+00   0.00000000E+00   4.26678560E-05  -2.47232920E-05  -3.10319583E-14   0.00000000E+00   0.00000000E+00   0.00000000E+00   0.00000000E+00   0.00000000E+00   0.00000000E+00
   4         C   4.92685075E-13   8.98244914E-01   3.44263450E-12  -2.85449793E-15  -1.80283776E+02   0.00000000E+00   0.00000000E+00   0.00000000E+00   0.00000000E+00   4.52998288E-13   1.76829425E+02   3.50337454E-12   4.60000001E-14   4.35264476E+00   2.40680714E-14   0.00000000E+00   0.00000000E+00   0.00000000E+00   0.00000000E+00   0.00000000E+00   0.00000000E+00  -3.45871421E-15  -4.85996257E-05  -8.48081113E-14   0.00000000E+00   0.00000000E+00   0.00000000E+00   0.00000000E+00   0.00000000E+00   0.00000000E+00
   5         C   7.66919276E-01   4.42272563E-01  -7.76011897E-12  -1.56174349E+02  -9.01459143E+01   0.00000000E+00   0.00000000E+00   0.00000000E+00   0.00000000E+00   1.53158856E+02   8.84017099E+01  -7.77676948E-12   3.78245533E+00   2.18650166E+00   5.85308702E-14   0.00000000E+00   0.00000000E+00   0.00000000E+00   0.00000000E+00   0.00000000E+00   0.00000000E+00  -4.26678560E-05  -2.47232920E-05  -4.18803553E-14   0.00000000E+00   0.00000000E+00   0.00000000E+00   0.00000000E+00   0.00000000E+00   0.00000000E+00
   6         C   7.66919276E-01  -4.42272563E-01   2.70703480E-12  -1.56174349E+02   9.01459143E+01   0.00000000E+00   0.00000000E+00   0.00000000E+00   0.00000000E+00   1.53158856E+02  -8.84017099E+01   2.69759376E-12   3.78245533E+00  -2.18650166E+00   8.52412211E-14   0.00000000E+00   0.00000000E+00   0.00000000E+00   0.00000000E+00   0.00000000E+00   0.00000000E+00  -4.26678561E-05   2.47232919E-05  -7.58001815E-14   0.00000000E+00   0.00000000E+00   0.00000000E+00   0.00000000E+00   0.00000000E+00   0.00000000E+00
   7         H   8.28317751E-14   2.77765887E-01   2.67546313E-13   0.00000000E+00   8.71121232E+01   0.00000000E+00   0.00000000E+00   0.00000000E+00   0.00000000E+00   8.22497367E-14  -8.68343780E+01   2.77056264E-13   0.00000000E+00   0.00000000E+00   0.00000000E+00   0.00000000E+00   0.00000000E+00   0.00000000E+00   0.00000000E+00   0.00000000E+00   0.00000000E+00   5.82038406E-16   2.06678372E-05  -9.50995143E-15   0.00000000E+00   0.00000000E+00   0.00000000E+00   0.00000000E+00   0.00000000E+00   0.00000000E+00
   8         H   2.31280597E-01   1.33356799E-01  -1.50513098E-12   7.54011165E+01   4.35529372E+01   0.00000000E+00   0.00000000E+00   0.00000000E+00   0.00000000E+00  -7.51698541E+01  -4.34195908E+01  -1.49846135E-12   0.00000000E+00   0.00000000E+00   0.00000000E+00   0.00000000E+00   0.00000000E+00   0.00000000E+00   0.00000000E+00   0.00000000E+00   0.00000000E+00   1.81573470E-05   1.04356147E-05  -6.66963109E-15   0.00000000E+00   0.00000000E+00   0.00000000E+00   0.00000000E+00   0.00000000E+00   0.00000000E+00
   9         H   2.31280597E-01  -1.33356799E-01   9.14183255E-13   7.54011165E+01  -4.35529372E+01   0.00000000E+00   0.00000000E+00   0.00000000E+00   0.00000000E+00  -7.51698541E+01   4.34195908E+01   9.17614361E-13   0.00000000E+00   0.00000000E+00   0.00000000E+00   0.00000000E+00   0.00000000E+00   0.00000000E+00   0.00000000E+00   0.00000000E+00   0.00000000E+00   1.81573470E-05  -1.04356147E-05  -3.43110583E-15   0.00000000E+00   0.00000000E+00   0.00000000E+00   0.00000000E+00   0.00000000E+00   0.00000000E+00
  10         H   8.26848715E-14  -2.77765887E-01   5.24142654E-13   8.92030602E-17  -8.71121232E+01   0.00000000E+00   0.00000000E+00   0.00000000E+00   0.00000000E+00   8.19209299E-14   8.68343780E+01   5.34544916E-13   0.00000000E+00   0.00000000E+00   0.00000000E+00   0.00000000E+00   0.00000000E+00   0.00000000E+00   0.00000000E+00   0.00000000E+00   0.00000000E+00   6.74738537E-16  -2.06678372E-05  -1.04022618E-14   0.00000000E+00   0.00000000E+00   0.00000000E+00   0.00000000E+00   0.00000000E+00   0.00000000E+00
  11         H  -2.31280597E-01  -1.33356799E-01   9.22057353E-13  -7.54011165E+01  -4.35529372E+01   0.00000000E+00   0.00000000E+00   0.00000000E+00   0.00000000E+00   7.51698541E+01   4.34195908E+01   9.29559597E-13   0.00000000E+00   0.00000000E+00   0.00000000E+00   0.00000000E+00   0.00000000E+00   0.00000000E+00   0.00000000E+00   0.00000000E+00   0.00000000E+00  -1.81573470E-05  -1.04356147E-05  -7.50224384E-15   0.00000000E+00   0.00000000E+00   0.00000000E+00   0.00000000E+00   0.00000000E+00   0.00000000E+00
  12         H  -2.31280597E-01   1.33356799E-01  -1.51426796E-12  -7.54011165E+01   4.35529372E+01   0.00000000E+00   0.00000000E+00   0.00000000E+00   0.00000000E+00   7.51698541E+01  -4.34195908E+01  -1.50469497E-12   0.00000000E+00   0.00000000E+00   0.00000000E+00   0.00000000E+00   0.00000000E+00   0.00000000E+00   0.00000000E+00   0.00000000E+00   0.00000000E+00  -1.81573470E-05   1.04356147E-05  -9.57298685E-15   0.00000000E+00   0.00000000E+00   0.00000000E+00   0.00000000E+00   0.00000000E+00   0.00000000E+00
