# occupations | eigenvalue[a.u.] | Im(eigenvalue) [a.u.] | k-points | k-weights | filename | ik | ist | idim
%Occupations_Eigenvalues_K-Points
 0.2000000000000000E+01 | -0.7781172992784827E+00 |  0.0000000000000000E+00 |  0.0000000000000000E+00 |  0.0000000000000000E+00 |  0.0000000000000000E+00 |  0.1000000000000000E+01 | 0000000001 |        1 |        1 |        1
 0.2000000000000000E+01 | -0.6749164537392451E+00 |  0.0000000000000000E+00 |  0.0000000000000000E+00 |  0.0000000000000000E+00 |  0.0000000000000000E+00 |  0.1000000000000000E+01 | 0000000002 |        1 |        2 |        1
 0.2000000000000000E+01 | -0.6749127340826778E+00 |  0.0000000000000000E+00 |  0.0000000000000000E+00 |  0.0000000000000000E+00 |  0.0000000000000000E+00 |  0.1000000000000000E+01 | 0000000003 |        1 |        3 |        1
 0.2000000000000000E+01 | -0.5452787756832265E+00 |  0.0000000000000000E+00 |  0.0000000000000000E+00 |  0.0000000000000000E+00 |  0.0000000000000000E+00 |  0.1000000000000000E+01 | 0000000004 |        1 |        4 |        1
 0.2000000000000000E+01 | -0.5452724855348310E+00 |  0.0000000000000000E+00 |  0.0000000000000000E+00 |  0.0000000000000000E+00 |  0.0000000000000000E+00 |  0.1000000000000000E+01 | 0000000005 |        1 |        5 |        1
 0.2000000000000000E+01 | -0.4793788467298638E+00 |  0.0000000000000000E+00 |  0.0000000000000000E+00 |  0.0000000000000000E+00 |  0.0000000000000000E+00 |  0.1000000000000000E+01 | 0000000006 |        1 |        6 |        1
 0.2000000000000000E+01 | -0.4096904806654287E+00 |  0.0000000000000000E+00 |  0.0000000000000000E+00 |  0.0000000000000000E+00 |  0.0000000000000000E+00 |  0.1000000000000000E+01 | 0000000007 |        1 |        7 |        1
 0.2000000000000000E+01 | -0.4092058068423652E+00 |  0.0000000000000000E+00 |  0.0000000000000000E+00 |  0.0000000000000000E+00 |  0.0000000000000000E+00 |  0.1000000000000000E+01 | 0000000008 |        1 |        8 |        1
 0.2000000000000000E+01 | -0.3797692211271361E+00 |  0.0000000000000000E+00 |  0.0000000000000000E+00 |  0.0000000000000000E+00 |  0.0000000000000000E+00 |  0.1000000000000000E+01 | 0000000009 |        1 |        9 |        1
 0.2000000000000000E+01 | -0.3797607535797199E+00 |  0.0000000000000000E+00 |  0.0000000000000000E+00 |  0.0000000000000000E+00 |  0.0000000000000000E+00 |  0.1000000000000000E+01 | 0000000010 |        1 |       10 |        1
 0.2000000000000000E+01 | -0.3412792127070177E+00 |  0.0000000000000000E+00 |  0.0000000000000000E+00 |  0.0000000000000000E+00 |  0.0000000000000000E+00 |  0.1000000000000000E+01 | 0000000011 |        1 |       11 |        1
 0.2000000000000000E+01 | -0.3060235543070534E+00 |  0.0000000000000000E+00 |  0.0000000000000000E+00 |  0.0000000000000000E+00 |  0.0000000000000000E+00 |  0.1000000000000000E+01 | 0000000012 |        1 |       12 |        1
 0.2000000000000000E+01 | -0.3059485200068114E+00 |  0.0000000000000000E+00 |  0.0000000000000000E+00 |  0.0000000000000000E+00 |  0.0000000000000000E+00 |  0.1000000000000000E+01 | 0000000013 |        1 |       13 |        1
 0.2000000000000000E+01 | -0.2405185003579149E+00 |  0.0000000000000000E+00 |  0.0000000000000000E+00 |  0.0000000000000000E+00 |  0.0000000000000000E+00 |  0.1000000000000000E+01 | 0000000014 |        1 |       14 |        1
 0.2000000000000000E+01 | -0.2405183419645041E+00 |  0.0000000000000000E+00 |  0.0000000000000000E+00 |  0.0000000000000000E+00 |  0.0000000000000000E+00 |  0.1000000000000000E+01 | 0000000015 |        1 |       15 |        1
%
