#iter energy            energy_diff  abs_dens     rel_dens     abs_ev       rel_ev      
    1   -9.39446747E+00  9.39447E+00  2.31587E+00  2.89484E-01  1.49197E+00  2.33789E-01
    2   -8.62082420E+00  7.73643E-01  4.86502E-01  6.08128E-02  4.78212E-01  8.10049E-02
    3   -7.79187919E+00  8.28945E-01  4.66887E-01  5.83609E-02  4.98474E-01  9.22245E-02
    4   -7.85204818E+00  6.01690E-02  9.04578E-02  1.13072E-02  2.11408E-02  3.89609E-03
    5   -7.73885304E+00  1.13195E-01  6.06353E-02  7.57941E-03  6.91187E-02  1.29024E-02
    6   -7.73868989E+00  1.63149E-04  4.63184E-03  5.78980E-04  2.39838E-03  4.47908E-04
    7   -7.74161750E+00  2.92761E-03  2.54877E-03  3.18596E-04  1.54100E-03  2.87706E-04
    8   -7.74204110E+00  4.23597E-04  2.86516E-04  3.58144E-05  2.69838E-04  5.03763E-05
    9   -7.74173672E+00  3.04384E-04  2.47193E-04  3.08991E-05  1.51725E-04  2.83265E-05
   10   -7.74180983E+00  7.31120E-05  5.58572E-05  6.98215E-06  3.49892E-05  6.53232E-06
   11   -7.74179354E+00  1.62851E-05  1.12497E-05  1.40622E-06  8.53238E-06  1.59295E-06
   12   -7.74179256E+00  9.83987E-07  1.19693E-06  1.49617E-07  9.86981E-07  1.84265E-07
   13   -7.74179249E+00  7.12205E-08  2.40479E-06  3.00599E-07  8.28329E-07  1.54645E-07
