################################################################################
# HEADER
# Iter               t                     Total               Kinetic (ions)             Ion-Ion                Electronic             Eigenvalues               Hartree               Int[n v_xc]               Exchange              Correlation       
#[Iter n.]        [hbar/H]                  [H]                     [H]                     [H]                     [H]                     [H]                     [H]                     [H]                     [H]                     [H]           
################################################################################
       0  0.0000000000000000e+00 -7.7417912734237104e+00  0.0000000000000000e+00  9.4905711524829126e+00 -1.7232362425906622e+01 -5.3563177284823755e+00  1.2651261487240836e+01 -3.3127345769746368e+00 -2.1660903056841567e+00 -3.7142748147389226e-01
       1  5.0000000000000003e-02 -7.7417912734237104e+00  0.0000000000000000e+00  9.4905711524829126e+00 -1.7232362425906622e+01 -5.3563177284823755e+00  0.0000000000000000e+00  0.0000000000000000e+00  0.0000000000000000e+00  0.0000000000000000e+00
       2  1.0000000000000001e-01 -7.7417912734237104e+00  0.0000000000000000e+00  9.4905711524829126e+00 -1.7232362425906622e+01 -5.3563177284823755e+00  0.0000000000000000e+00  0.0000000000000000e+00  0.0000000000000000e+00  0.0000000000000000e+00
       3  1.5000000000000002e-01 -7.7417912734237104e+00  0.0000000000000000e+00  9.4905711524829126e+00 -1.7232362425906622e+01 -5.3563177284823755e+00  0.0000000000000000e+00  0.0000000000000000e+00  0.0000000000000000e+00  0.0000000000000000e+00
       4  2.0000000000000001e-01 -7.7417912734237104e+00  0.0000000000000000e+00  9.4905711524829126e+00 -1.7232362425906622e+01 -5.3563177284823755e+00  0.0000000000000000e+00  0.0000000000000000e+00  0.0000000000000000e+00  0.0000000000000000e+00
       5  2.5000000000000000e-01 -7.7417912734237104e+00  0.0000000000000000e+00  9.4905711524829126e+00 -1.7232362425906622e+01 -5.3563177284823755e+00  0.0000000000000000e+00  0.0000000000000000e+00  0.0000000000000000e+00  0.0000000000000000e+00
       6  3.0000000000000004e-01 -7.7417912734237104e+00  0.0000000000000000e+00  9.4905711524829126e+00 -1.7232362425906622e+01 -5.3563177284823755e+00  0.0000000000000000e+00  0.0000000000000000e+00  0.0000000000000000e+00  0.0000000000000000e+00
       7  3.5000000000000003e-01 -7.7417912734237104e+00  0.0000000000000000e+00  9.4905711524829126e+00 -1.7232362425906622e+01 -5.3563177284823755e+00  0.0000000000000000e+00  0.0000000000000000e+00  0.0000000000000000e+00  0.0000000000000000e+00
       8  4.0000000000000002e-01 -7.7417912734237104e+00  0.0000000000000000e+00  9.4905711524829126e+00 -1.7232362425906622e+01 -5.3563177284823755e+00  0.0000000000000000e+00  0.0000000000000000e+00  0.0000000000000000e+00  0.0000000000000000e+00
       9  4.5000000000000001e-01 -7.7417912734237104e+00  0.0000000000000000e+00  9.4905711524829126e+00 -1.7232362425906622e+01 -5.3563177284823755e+00  0.0000000000000000e+00  0.0000000000000000e+00  0.0000000000000000e+00  0.0000000000000000e+00
      10  5.0000000000000000e-01 -7.7417913290250979e+00  0.0000000000000000e+00  9.4905711524829126e+00 -1.7232362481508012e+01 -5.3563178629430386e+00  1.2651261404177527e+01 -3.3127345595085664e+00 -2.1660902933207500e+00 -3.7142748057526165e-01
      11  5.5000000000000004e-01 -7.7417913290250979e+00  0.0000000000000000e+00  9.4905711524829126e+00 -1.7232362481508012e+01 -5.3563178629430386e+00  0.0000000000000000e+00  0.0000000000000000e+00  0.0000000000000000e+00  0.0000000000000000e+00
      12  6.0000000000000009e-01 -7.7417913290250979e+00  0.0000000000000000e+00  9.4905711524829126e+00 -1.7232362481508012e+01 -5.3563178629430386e+00  0.0000000000000000e+00  0.0000000000000000e+00  0.0000000000000000e+00  0.0000000000000000e+00
      13  6.5000000000000002e-01 -7.7417913290250979e+00  0.0000000000000000e+00  9.4905711524829126e+00 -1.7232362481508012e+01 -5.3563178629430386e+00  0.0000000000000000e+00  0.0000000000000000e+00  0.0000000000000000e+00  0.0000000000000000e+00
      14  7.0000000000000007e-01 -7.7417913290250979e+00  0.0000000000000000e+00  9.4905711524829126e+00 -1.7232362481508012e+01 -5.3563178629430386e+00  0.0000000000000000e+00  0.0000000000000000e+00  0.0000000000000000e+00  0.0000000000000000e+00
      15  7.5000000000000000e-01 -7.7417913290250979e+00  0.0000000000000000e+00  9.4905711524829126e+00 -1.7232362481508012e+01 -5.3563178629430386e+00  0.0000000000000000e+00  0.0000000000000000e+00  0.0000000000000000e+00  0.0000000000000000e+00
      16  8.0000000000000004e-01 -7.7417913290250979e+00  0.0000000000000000e+00  9.4905711524829126e+00 -1.7232362481508012e+01 -5.3563178629430386e+00  0.0000000000000000e+00  0.0000000000000000e+00  0.0000000000000000e+00  0.0000000000000000e+00
      17  8.5000000000000009e-01 -7.7417913290250979e+00  0.0000000000000000e+00  9.4905711524829126e+00 -1.7232362481508012e+01 -5.3563178629430386e+00  0.0000000000000000e+00  0.0000000000000000e+00  0.0000000000000000e+00  0.0000000000000000e+00
      18  9.0000000000000002e-01 -7.7417913290250979e+00  0.0000000000000000e+00  9.4905711524829126e+00 -1.7232362481508012e+01 -5.3563178629430386e+00  0.0000000000000000e+00  0.0000000000000000e+00  0.0000000000000000e+00  0.0000000000000000e+00
      19  9.5000000000000007e-01 -7.7417913290250979e+00  0.0000000000000000e+00  9.4905711524829126e+00 -1.7232362481508012e+01 -5.3563178629430386e+00  0.0000000000000000e+00  0.0000000000000000e+00  0.0000000000000000e+00  0.0000000000000000e+00
      20  1.0000000000000000e+00 -7.7417919506868875e+00  0.0000000000000000e+00  9.4905711524829126e+00 -1.7232363103169799e+01 -5.3563186617151830e+00  1.2651261218076236e+01 -3.3127345222865854e+00 -2.1660902667189066e+00 -3.7142747894605876e-01
      21  1.0500000000000000e+00 -7.7417919506868875e+00  0.0000000000000000e+00  9.4905711524829126e+00 -1.7232363103169799e+01 -5.3563186617151830e+00  0.0000000000000000e+00  0.0000000000000000e+00  0.0000000000000000e+00  0.0000000000000000e+00
      22  1.1000000000000001e+00 -7.7417919506868875e+00  0.0000000000000000e+00  9.4905711524829126e+00 -1.7232363103169799e+01 -5.3563186617151830e+00  0.0000000000000000e+00  0.0000000000000000e+00  0.0000000000000000e+00  0.0000000000000000e+00
      23  1.1500000000000001e+00 -7.7417919506868875e+00  0.0000000000000000e+00  9.4905711524829126e+00 -1.7232363103169799e+01 -5.3563186617151830e+00  0.0000000000000000e+00  0.0000000000000000e+00  0.0000000000000000e+00  0.0000000000000000e+00
      24  1.2000000000000002e+00 -7.7417919506868875e+00  0.0000000000000000e+00  9.4905711524829126e+00 -1.7232363103169799e+01 -5.3563186617151830e+00  0.0000000000000000e+00  0.0000000000000000e+00  0.0000000000000000e+00  0.0000000000000000e+00
      25  1.2500000000000000e+00 -7.7417919506868875e+00  0.0000000000000000e+00  9.4905711524829126e+00 -1.7232363103169799e+01 -5.3563186617151830e+00  0.0000000000000000e+00  0.0000000000000000e+00  0.0000000000000000e+00  0.0000000000000000e+00
      26  1.3000000000000000e+00 -7.7417919506868875e+00  0.0000000000000000e+00  9.4905711524829126e+00 -1.7232363103169799e+01 -5.3563186617151830e+00  0.0000000000000000e+00  0.0000000000000000e+00  0.0000000000000000e+00  0.0000000000000000e+00
      27  1.3500000000000001e+00 -7.7417919506868875e+00  0.0000000000000000e+00  9.4905711524829126e+00 -1.7232363103169799e+01 -5.3563186617151830e+00  0.0000000000000000e+00  0.0000000000000000e+00  0.0000000000000000e+00  0.0000000000000000e+00
      28  1.4000000000000001e+00 -7.7417919506868875e+00  0.0000000000000000e+00  9.4905711524829126e+00 -1.7232363103169799e+01 -5.3563186617151830e+00  0.0000000000000000e+00  0.0000000000000000e+00  0.0000000000000000e+00  0.0000000000000000e+00
      29  1.4500000000000002e+00 -7.7417919506868875e+00  0.0000000000000000e+00  9.4905711524829126e+00 -1.7232363103169799e+01 -5.3563186617151830e+00  0.0000000000000000e+00  0.0000000000000000e+00  0.0000000000000000e+00  0.0000000000000000e+00
      30  1.5000000000000000e+00 -7.7417919326753140e+00  0.0000000000000000e+00  9.4905711524829126e+00 -1.7232363085158227e+01 -5.3563190419230260e+00  1.2651260804416664e+01 -3.3127344584522529e+00 -2.1660902209125554e+00 -3.7142747635823459e-01
      31  1.5500000000000000e+00 -7.7417919326753140e+00  0.0000000000000000e+00  9.4905711524829126e+00 -1.7232363085158227e+01 -5.3563190419230260e+00  0.0000000000000000e+00  0.0000000000000000e+00  0.0000000000000000e+00  0.0000000000000000e+00
      32  1.6000000000000001e+00 -7.7417919326753140e+00  0.0000000000000000e+00  9.4905711524829126e+00 -1.7232363085158227e+01 -5.3563190419230260e+00  0.0000000000000000e+00  0.0000000000000000e+00  0.0000000000000000e+00  0.0000000000000000e+00
      33  1.6500000000000001e+00 -7.7417919326753140e+00  0.0000000000000000e+00  9.4905711524829126e+00 -1.7232363085158227e+01 -5.3563190419230260e+00  0.0000000000000000e+00  0.0000000000000000e+00  0.0000000000000000e+00  0.0000000000000000e+00
      34  1.7000000000000002e+00 -7.7417919326753140e+00  0.0000000000000000e+00  9.4905711524829126e+00 -1.7232363085158227e+01 -5.3563190419230260e+00  0.0000000000000000e+00  0.0000000000000000e+00  0.0000000000000000e+00  0.0000000000000000e+00
      35  1.7500000000000000e+00 -7.7417919326753140e+00  0.0000000000000000e+00  9.4905711524829126e+00 -1.7232363085158227e+01 -5.3563190419230260e+00  0.0000000000000000e+00  0.0000000000000000e+00  0.0000000000000000e+00  0.0000000000000000e+00
      36  1.8000000000000000e+00 -7.7417919326753140e+00  0.0000000000000000e+00  9.4905711524829126e+00 -1.7232363085158227e+01 -5.3563190419230260e+00  0.0000000000000000e+00  0.0000000000000000e+00  0.0000000000000000e+00  0.0000000000000000e+00
      37  1.8500000000000001e+00 -7.7417919326753140e+00  0.0000000000000000e+00  9.4905711524829126e+00 -1.7232363085158227e+01 -5.3563190419230260e+00  0.0000000000000000e+00  0.0000000000000000e+00  0.0000000000000000e+00  0.0000000000000000e+00
      38  1.9000000000000001e+00 -7.7417919326753140e+00  0.0000000000000000e+00  9.4905711524829126e+00 -1.7232363085158227e+01 -5.3563190419230260e+00  0.0000000000000000e+00  0.0000000000000000e+00  0.0000000000000000e+00  0.0000000000000000e+00
      39  1.9500000000000002e+00 -7.7417919326753140e+00  0.0000000000000000e+00  9.4905711524829126e+00 -1.7232363085158227e+01 -5.3563190419230260e+00  0.0000000000000000e+00  0.0000000000000000e+00  0.0000000000000000e+00  0.0000000000000000e+00
      40  2.0000000000000000e+00 -7.7417845153359259e+00  0.0000000000000000e+00  9.4905711524829126e+00 -1.7232355667818837e+01 -5.3563122998045873e+00  1.2651260120820327e+01 -3.3127344231437772e+00 -2.1660901960133101e+00 -3.7142747432439110e-01
      41  2.0500000000000003e+00 -7.7417845153359259e+00  0.0000000000000000e+00  9.4905711524829126e+00 -1.7232355667818837e+01 -5.3563122998045873e+00  0.0000000000000000e+00  0.0000000000000000e+00  0.0000000000000000e+00  0.0000000000000000e+00
      42  2.1000000000000001e+00 -7.7417845153359259e+00  0.0000000000000000e+00  9.4905711524829126e+00 -1.7232355667818837e+01 -5.3563122998045873e+00  0.0000000000000000e+00  0.0000000000000000e+00  0.0000000000000000e+00  0.0000000000000000e+00
      43  2.1499999999999999e+00 -7.7417845153359259e+00  0.0000000000000000e+00  9.4905711524829126e+00 -1.7232355667818837e+01 -5.3563122998045873e+00  0.0000000000000000e+00  0.0000000000000000e+00  0.0000000000000000e+00  0.0000000000000000e+00
      44  2.2000000000000002e+00 -7.7417845153359259e+00  0.0000000000000000e+00  9.4905711524829126e+00 -1.7232355667818837e+01 -5.3563122998045873e+00  0.0000000000000000e+00  0.0000000000000000e+00  0.0000000000000000e+00  0.0000000000000000e+00
      45  2.2500000000000000e+00 -7.7417845153359259e+00  0.0000000000000000e+00  9.4905711524829126e+00 -1.7232355667818837e+01 -5.3563122998045873e+00  0.0000000000000000e+00  0.0000000000000000e+00  0.0000000000000000e+00  0.0000000000000000e+00
      46  2.3000000000000003e+00 -7.7417845153359259e+00  0.0000000000000000e+00  9.4905711524829126e+00 -1.7232355667818837e+01 -5.3563122998045873e+00  0.0000000000000000e+00  0.0000000000000000e+00  0.0000000000000000e+00  0.0000000000000000e+00
      47  2.3500000000000001e+00 -7.7417845153359259e+00  0.0000000000000000e+00  9.4905711524829126e+00 -1.7232355667818837e+01 -5.3563122998045873e+00  0.0000000000000000e+00  0.0000000000000000e+00  0.0000000000000000e+00  0.0000000000000000e+00
      48  2.4000000000000004e+00 -7.7417845153359259e+00  0.0000000000000000e+00  9.4905711524829126e+00 -1.7232355667818837e+01 -5.3563122998045873e+00  0.0000000000000000e+00  0.0000000000000000e+00  0.0000000000000000e+00  0.0000000000000000e+00
      49  2.4500000000000002e+00 -7.7417845153359259e+00  0.0000000000000000e+00  9.4905711524829126e+00 -1.7232355667818837e+01 -5.3563122998045873e+00  0.0000000000000000e+00  0.0000000000000000e+00  0.0000000000000000e+00  0.0000000000000000e+00
      50  2.5000000000000000e+00 -7.7417586523845863e+00  0.0000000000000000e+00  9.4905711524829126e+00 -1.7232329804867497e+01 -5.3562871541297952e+00  1.2651259430318289e+01 -3.3127345307009661e+00 -2.1660902755948701e+00 -3.7142747552551186e-01
