################################################################################
# HEADER
# dt =   0.500000000000E-01 [hbar/H]
# Iter               t                      E(1)                    E(2)                    E(3)          
#[Iter n.]        [hbar/H]                 [H/b]                   [H/b]                   [H/b]          
################################################################################
       0  0.0000000000000000e+00 -3.5723385735304240e-18  0.0000000000000000e+00  0.0000000000000000e+00
       1  5.0000000000000003e-02 -1.1219661504046826e-04  0.0000000000000000e+00  0.0000000000000000e+00
       2  1.0000000000000001e-01 -2.2402126311994269e-04  0.0000000000000000e+00  0.0000000000000000e+00
       3  1.5000000000000002e-01 -3.3510268959869834e-04  0.0000000000000000e+00  0.0000000000000000e+00
       4  2.0000000000000001e-01 -4.4507106329235937e-04  0.0000000000000000e+00  0.0000000000000000e+00
       5  2.5000000000000000e-01 -5.5355868523270044e-04  0.0000000000000000e+00  0.0000000000000000e+00
       6  3.0000000000000004e-01 -6.6020069387396577e-04  0.0000000000000000e+00  0.0000000000000000e+00
       7  3.5000000000000003e-01 -7.6463576556819288e-04  0.0000000000000000e+00  0.0000000000000000e+00
       8  4.0000000000000002e-01 -8.6650680914084218e-04  0.0000000000000000e+00  0.0000000000000000e+00
       9  4.5000000000000001e-01 -9.6546165340770861e-04  0.0000000000000000e+00  0.0000000000000000e+00
      10  5.0000000000000000e-01 -1.0611537264841979e-03  0.0000000000000000e+00  0.0000000000000000e+00
      11  5.5000000000000004e-01 -1.1532427257525486e-03  0.0000000000000000e+00  0.0000000000000000e+00
      12  6.0000000000000009e-01 -1.2413952773658158e-03  0.0000000000000000e+00  0.0000000000000000e+00
      13  6.5000000000000002e-01 -1.3252855841850281e-03  0.0000000000000000e+00  0.0000000000000000e+00
      14  7.0000000000000007e-01 -1.4045960610637154e-03  0.0000000000000000e+00  0.0000000000000000e+00
      15  7.5000000000000000e-01 -1.4790179564141564e-03  0.0000000000000000e+00  0.0000000000000000e+00
      16  8.0000000000000004e-01 -1.5482519590113450e-03  0.0000000000000000e+00  0.0000000000000000e+00
      17  8.5000000000000009e-01 -1.6120087890140612e-03  0.0000000000000000e+00  0.0000000000000000e+00
      18  9.0000000000000002e-01 -1.6700097722072394e-03  0.0000000000000000e+00  0.0000000000000000e+00
      19  9.5000000000000007e-01 -1.7219873964968179e-03  0.0000000000000000e+00  0.0000000000000000e+00
      20  1.0000000000000000e+00 -1.7676858497154965e-03  0.0000000000000000e+00  0.0000000000000000e+00
      21  1.0500000000000000e+00 -1.8068615378283347e-03  0.0000000000000000e+00  0.0000000000000000e+00
      22  1.1000000000000001e+00 -1.8392835826577234e-03  0.0000000000000000e+00  0.0000000000000000e+00
      23  1.1500000000000001e+00 -1.8647342982792252e-03  0.0000000000000000e+00  0.0000000000000000e+00
      24  1.2000000000000002e+00 -1.8830096452747674e-03  0.0000000000000000e+00  0.0000000000000000e+00
      25  1.2500000000000000e+00 -1.8939196620632881e-03  0.0000000000000000e+00  0.0000000000000000e+00
      26  1.3000000000000000e+00 -1.8972888725664349e-03  0.0000000000000000e+00  0.0000000000000000e+00
      27  1.3500000000000001e+00 -1.8929566695039723e-03  0.0000000000000000e+00  0.0000000000000000e+00
      28  1.4000000000000001e+00 -1.8807776726518061e-03  0.0000000000000000e+00  0.0000000000000000e+00
      29  1.4500000000000002e+00 -1.8606220614362178e-03  0.0000000000000000e+00  0.0000000000000000e+00
      30  1.5000000000000000e+00 -1.8323758812776106e-03  0.0000000000000000e+00  0.0000000000000000e+00
      31  1.5500000000000000e+00 -1.7959413231393667e-03  0.0000000000000000e+00  0.0000000000000000e+00
      32  1.6000000000000001e+00 -1.7512369757799503e-03  0.0000000000000000e+00  0.0000000000000000e+00
      33  1.6500000000000001e+00 -1.6981980502492255e-03  0.0000000000000000e+00  0.0000000000000000e+00
      34  1.7000000000000002e+00 -1.6367765762149925e-03  0.0000000000000000e+00  0.0000000000000000e+00
      35  1.7500000000000000e+00 -1.5669415697495595e-03  0.0000000000000000e+00  0.0000000000000000e+00
      36  1.8000000000000000e+00 -1.4886791722523711e-03  0.0000000000000000e+00  0.0000000000000000e+00
      37  1.8500000000000001e+00 -1.4019927602303445e-03  0.0000000000000000e+00  0.0000000000000000e+00
      38  1.9000000000000001e+00 -1.3069030257038129e-03  0.0000000000000000e+00  0.0000000000000000e+00
      39  1.9500000000000002e+00 -1.2034480270533316e-03  0.0000000000000000e+00  0.0000000000000000e+00
      40  2.0000000000000000e+00 -1.0916832101692349e-03  0.0000000000000000e+00  0.0000000000000000e+00
      41  2.0500000000000003e+00 -9.7168139981349455e-04  0.0000000000000000e+00  0.0000000000000000e+00
      42  2.1000000000000001e+00 -8.4353276115114843e-04  0.0000000000000000e+00  0.0000000000000000e+00
      43  2.1499999999999999e+00 -7.0734473145586641e-04  0.0000000000000000e+00  0.0000000000000000e+00
      44  2.2000000000000002e+00 -5.6324192204244101e-04  0.0000000000000000e+00  0.0000000000000000e+00
      45  2.2500000000000000e+00 -4.1136599052628688e-04  0.0000000000000000e+00  0.0000000000000000e+00
      46  2.3000000000000003e+00 -2.5187548355781454e-04  0.0000000000000000e+00  0.0000000000000000e+00
      47  2.3500000000000001e+00 -8.4945650226893183e-05  0.0000000000000000e+00  0.0000000000000000e+00
      48  2.4000000000000004e+00  8.9231773620310364e-05  0.0000000000000000e+00  0.0000000000000000e+00
      49  2.4500000000000002e+00  2.7044880986296945e-04  0.0000000000000000e+00  0.0000000000000000e+00
      50  2.5000000000000000e+00  4.5848151105027518e-04  0.0000000000000000e+00  0.0000000000000000e+00
