################################################################################
# HEADER
# nspin         1
# lmax          1
# kick mode     0
# kick strength    0.000000000000
# dim           3
# pol(1)           1.000000000000    0.000000000000    0.000000000000
# pol(2)           0.000000000000    1.000000000000    0.000000000000
# pol(3)           0.000000000000    0.000000000000    1.000000000000
# direction     0
# Equiv. axes   0
# wprime           0.000000000000    0.000000000000    0.000000000000
# kick time        0.000000000000
# Iter               t              Electronic charge(1)           <x>(1)                  <y>(1)                  <z>(1)         
#[Iter n.]        [hbar/H]               Electrons                  [b]                     [b]                     [b]           
################################################################################
       0  0.0000000000000000e+00  7.9999999999999991e+00 -1.8555525319577890e-14 -3.2778184390090672e-15 -3.2122620702288856e-14
       1  5.0000000000000003e-02  7.9999999992516164e+00 -2.1569849800508520e-07 -3.2426989557339698e-15 -3.1467057014487043e-14
       2  1.0000000000000001e-01  7.9999999985032328e+00 -2.1558596450127593e-06 -3.3129379222841642e-15 -3.1876784319363178e-14
       3  1.5000000000000002e-01  7.9999999977548484e+00 -7.5370248602823584e-06 -3.0436885505084195e-15 -3.1941170038700858e-14
       4  2.0000000000000001e-01  7.9999999970064648e+00 -1.8059978715331511e-05 -3.1636801183650015e-15 -3.2684532434690414e-14
       5  2.5000000000000000e-01  7.9999999962580821e+00 -3.5401977745153242e-05 -3.5178015747222308e-15 -3.2424062933733440e-14
       6  3.0000000000000004e-01  7.9999999955096994e+00 -6.1209106219108802e-05 -3.1607534947587432e-15 -3.2590880479290154e-14
       7  3.5000000000000003e-01  7.9999999947613123e+00 -9.7088798556543458e-05 -3.7929041937104923e-15 -3.2655266198627833e-14
       8  4.0000000000000002e-01  7.9999999940129314e+00 -1.4460256589575660e-04 -3.7094954209321363e-15 -3.2023115499676084e-14
       9  4.5000000000000001e-01  7.9999999932645478e+00 -2.0525896163780931e-04 -3.6992522383102330e-15 -3.2403576568489632e-14
      10  5.0000000000000000e-01  7.9999999925161669e+00 -2.8050681776485044e-04 -3.6290132717600382e-15 -3.1420231036786915e-14
      11  5.5000000000000004e-01  7.9999999917677780e+00 -3.7172878027457763e-04 -3.4651223498095853e-15 -3.2491375276677375e-14
      12  6.0000000000000009e-01  7.9999999910193953e+00 -4.8023516843946954e-04 -2.8095586620077718e-15 -3.2778184390090669e-14
      13  6.5000000000000002e-01  7.9999999902710135e+00 -6.0725817866642362e-04 -3.2426989557339698e-15 -3.3021094149410091e-14
      14  7.0000000000000007e-01  7.9999999895226290e+00 -7.5394644974033983e-04 -3.0466151741146775e-15 -3.2467230631925749e-14
      15  7.5000000000000000e-01  7.9999999887742437e+00 -9.2136000214001297e-04 -3.1439254090227593e-15 -3.1987996016400985e-14
      16  8.0000000000000004e-01  7.9999999880258610e+00 -1.1104655600898911e-03 -3.2156276873760824e-15 -3.1654360925287564e-14
      17  8.5000000000000009e-01  7.9999999872774756e+00 -1.3221322610285583e-03 -3.2880616216309704e-15 -3.1560708969887304e-14
      18  9.0000000000000002e-01  7.9999999865290903e+00 -1.5571277534120220e-03 -2.9968625728082899e-15 -3.2122620702288856e-14
      19  9.5000000000000007e-01  7.9999999857807094e+00 -1.8161146801951523e-03 -3.8397301714106211e-15 -3.1531442733824722e-14
      20  1.0000000000000000e+00  7.9999999850323267e+00 -2.0996475420814796e-03 -2.8729383544807986e-15 -3.1537295981037240e-14
      21  1.0500000000000000e+00  7.9999999842839422e+00 -2.4081699316772483e-03 -4.3079899484119165e-15 -3.2403576568489632e-14
      22  1.1000000000000001e+00  7.9999999835355551e+00 -2.7420121271564900e-03 -2.9266236062580954e-15 -3.2028968746888595e-14
      23  1.1500000000000001e+00  7.9999999827871742e+00 -3.1013890318522968e-03 -2.5754287735071241e-15 -3.2304071365876860e-14
      24  1.2000000000000002e+00  7.9999999820387933e+00 -3.4863984445075067e-03 -2.9968625728082899e-15 -3.2432842804552213e-14
      25  1.2500000000000000e+00  7.9999999812904061e+00 -3.8970196436175358e-03 -2.6332295897307216e-15 -3.1630947936437494e-14
      26  1.3000000000000000e+00  7.9999999805420225e+00 -4.3331122684288513e-03 -2.4795818504021716e-15 -3.1525589486612205e-14
      27  1.3500000000000001e+00  7.9999999797936336e+00 -4.7944154787944370e-03 -3.0451518623115485e-15 -3.0975384248635681e-14
      28  1.4000000000000001e+00  7.9999999790452501e+00 -5.2805473760266708e-03 -3.0327137119849516e-15 -3.2263098635389244e-14
      29  1.4500000000000002e+00  7.9999999782968647e+00 -5.7910046673105365e-03 -2.9968625728082899e-15 -3.1900197308213242e-14
      30  1.5000000000000000e+00  7.9999999775484829e+00 -6.3251625569742112e-03 -3.6641327550351360e-15 -3.1537295981037240e-14
      31  1.5500000000000000e+00  7.9999999768000993e+00 -6.8822748489498270e-03 -3.4768288442346175e-15 -3.2300413086369036e-14
      32  1.6000000000000001e+00  7.9999999760517140e+00 -7.4614742461098461e-03 -2.2476469296062175e-15 -3.2157740185563954e-14
      33  1.6500000000000001e+00  7.9999999753033295e+00 -8.0617728336969483e-03 -3.2412356439308408e-15 -3.2042138553116761e-14
      34  1.7000000000000002e+00  7.9999999745549442e+00 -8.6820627357972243e-03 -2.9032106174080306e-15 -3.2836716862215831e-14
      35  1.7500000000000000e+00  7.9999999738065561e+00 -9.3211169356726357e-03 -3.4819504355455691e-15 -3.2614293468140217e-14
      36  1.8000000000000000e+00  7.9999999730581779e+00 -9.9775902526742372e-03 -3.3143783698403692e-15 -3.2778184390090669e-14
      37  1.8500000000000001e+00  7.9999999723097863e+00 -1.0650020470428883e-02 -3.4329294901407462e-15 -3.2825010367790803e-14
      38  1.9000000000000001e+00  7.9999999715614054e+00 -1.1336829612922690e-02 -3.3480574055592613e-15 -3.2263098635389244e-14
      39  1.9500000000000002e+00  7.9999999708130201e+00 -1.2036325366972753e-02 -2.9734495839582251e-15 -3.2497228523889893e-14
      40  2.0000000000000000e+00  7.9999999700646356e+00 -1.2746702651362272e-02 -3.0436885505084195e-15 -3.2684532434690414e-14
      41  2.0500000000000003e+00  7.9999999693162520e+00 -1.3466045334530576e-02 -3.0802713455866455e-15 -3.2895249334340993e-14
      42  2.1000000000000001e+00  7.9999999685678658e+00 -1.4192328104204179e-02 -3.8946043640279607e-15 -3.4182963721094556e-14
      43  2.1499999999999999e+00  7.9999999678194804e+00 -1.4923418493630521e-02 -3.2368457085214539e-15 -3.3972246821443971e-14
      44  2.2000000000000002e+00  7.9999999670710951e+00 -1.5657079070154300e-02 -2.7890722967639649e-15 -3.3480574055592616e-14
      45  2.2500000000000000e+00  7.9999999663227115e+00 -1.6390969792750173e-02 -4.0036210933610744e-15 -3.3105966233991579e-14
      46  2.3000000000000003e+00  7.9999999655743270e+00 -1.7122650545755569e-02 -3.7460782160103626e-15 -3.3088406492354026e-14
      47  2.3500000000000001e+00  7.9999999648259390e+00 -1.7849583856480791e-02 -4.3079899484119165e-15 -3.2689654026001363e-14
      48  2.4000000000000004e+00  7.9999999640775545e+00 -1.8569137804548611e-02 -3.4651223498095853e-15 -3.3556666269355324e-14
      49  2.4500000000000002e+00  7.9999999633291692e+00 -1.9278589130800022e-02 -3.7402249687978459e-15 -3.3621051988693004e-14
      50  2.5000000000000000e+00  7.9999999625807847e+00 -1.9975126553397848e-02 -4.2494574762867551e-15 -3.3059140256291445e-14
